72110 1110 08838370
32500 33130 05980916
27900 43220 03482018
27900 70221 SC164216
33120 49410 SC087960
33120 33130 04586571
32500 23190 04126138
72110 72190 07979043
72110 35110 07191622
32500 63910 06717387
26200 65202 01666681
72110 58290 05066019
33120 27110 08605862
27900 43220 04484160
72110 66210 07543962
72110 27200 SC303949
33120 82200 08085682
32500 47782 03986153
33120 96010 03484471
27900 47782 05892766
72110 74901 07153483
26200 63120 SC202264
27900 27520 05399744
26200 23910 07589591
27900 23910 07084313
27900 26512 02199089
32500 86220 08384378
32500 71200 04333637
32500 35300 03289286
72110 71129 09066229
33120 24510 07519345
72110 61900 08273616
33120 71129 02689763
27900 43210 06076919
72110 24430 06670868
72110 1110 03670478
33120 71129 07058198
86101 86220 08972195
27900 71129 02130003
27900 64929 02376439
27900 77330 01443701
86101 87100 08676343
32500 61200 04838458
86101 86220 09219446
86101 28220 06777610
86101 88100 06006457
26200 1110 04781783
72110 72190 03351628
27900 41201 02306288
86101 66300 08089428
72110 72190 SC406341
27900 2200 05427076
86101 82200 04665968
27900 24340 07819318
86101 47781 08827709
27900 71129 01473077
32500 23910 06262728
72110 72190 SC296459
27900 80200 02639909
32500 86101 07006116
33120 1110 02630521
26200 9900 03056670
32500 45111 04504094
72110 72190 08010751
33120 77390 05405727
27900 71129 06434180
86101 71129 08460261
32500 70221 04621288
27900 26512 02180587
27900 35130 01179461
86101 70229 02400969
33120 71129 07181647
86101 8110 09089447
32500 99000 07971545
32500 28410 04086066
86101 86220 08136144
33120 46610 05156943
72110 72190 04784437
